
50 6671
133 406
517 572
376 156
73 252
235 884
94 208
419 932
41 46
658 780
133 250
285 503
235 728
285 137
564 468
345 344
184 252
37 269
27 250
285 91
564 416
504 219
188 780
53 562
110 67
504 219
49 34
239 375
171 303
504 625
893 780
489 274
80 156
424 31
470 780
106 500
163 46
80 562
42 233
503 326
838 653
461 233
345 625
171 101
133 312
796 886
846 988
451 94
159 500
752 468
61 336

50 7027
398 406
504 94
611 686
265 406
796 186
692 91
712 653
846 988
86 252
398 500
126 653
27 31
587 466
80 31
141 884
98 151
159 281
705 988
80 94
245 303
461 47
293 326
212 625
733 549
53 625
106 531
461 746
159 34
733 411
239 437
318 62
419 606
419 466
208 168
564 416
204 686
517 468
73 50
184 319
670 653
377 280
774 869
503 839
503 839
376 884
204 274
98 101
208 168
292 406
282 52

50 6878
42 886
61 252
147 336
135 286
461 280
204 686
318 94
53 406
94 156
796 140
424 94
53 187
235 572
651 869
24 219
235 520
12 219
705 572
424 594
504 375
470 104
210 559
110 134
611 832
126 186
398 406
503 47
651 549
754 839
611 676
220 50
451 344
670 233
451 500
517 728
188 1040
419 793
376 624
503 233
774 366
407 640
376 260
245 118
326 46
42 559
611 1040
329 364
186 250
838 140
244 229

50 8082
371 187
529 411
846 468
489 46
233 67
235 936
47 156
799 936
235 468
94 208
799 520
204 411
47 780
41 594
651 686
235 364
451 500
188 156
335 932
168 653
98 34
163 914
47 468
489 91
705 260
147 118
799 156
504 375
705 468
470 988
846 936
629 746
159 84
752 988
163 594
345 562
564 780
171 286
448 914
86 34
184 185
168 373
122 229
587 746
517 832
846 364
61 336
846 572
799 728
419 606

50 6011
940 728
212 469
126 93
208 286
98 235
503 746
245 185
42 653
329 780
940 416
159 31
846 52
171 34
570 640
49 67
81 274
42 886
371 562
122 50
86 34
239 219
41 686
670 233
233 50
477 219
122 134
424 219
940 520
407 549
49 269
692 457
282 468
489 457
377 746
98 168
208 67
163 686
345 281
159 34
530 625
196 67
235 416
210 233
282 208
796 140
651 686
407 914
424 500
41 91
530 469

60 7534
61 235
81 549
629 793
41 686
27 406
141 260
477 562
292 562
774 229
345 437
196 151
658 572
335 559
81 914
345 625
570 91
86 219
186 250
233 101
530 406
47 728
196 34
796 513
98 17
477 31
159 375
692 823
670 653
244 183
285 686
752 728
292 344
470 468
326 229
754 466
265 344
86 151
796 280
212 31
80 531
204 594
122 549
196 269
239 31
220 101
251 186
651 457
208 219
423 208
73 235
292 187
651 686
470 676
504 62
611 731
233 168
208 168
163 457
196 134
47 260

60 7362
407 594
208 303
135 134
504 281
712 466
570 137
188 208
196 202
846 416
204 731
126 793
94 624
774 594
42 746
712 699
692 137
86 118
658 52
424 375
570 137
940 988
670 47
86 202
503 186
235 572
171 319
171 202
529 594
122 366
12 185
587 466
94 1040
163 503
245 219
94 312
814 91
135 336
141 624
110 34
629 420
122 457
814 869
398 344
282 520
504 187
846 468
451 250
126 140
196 84
24 319
126 233
235 208
398 406
106 500
171 118
407 137
419 186
712 233
611 869
752 104

60 8111
345 219
212 344
265 625
168 746
345 219
477 500
651 320
814 411
212 594
529 503
658 156
94 104
529 46
235 364
461 93
110 303
733 914
265 125
651 823
41 869
133 562
163 46
651 320
135 319
461 373
587 47
147 319
366 777
53 281
754 326
135 67
398 500
451 344
244 869
611 832
692 411
80 437
184 286
371 594
80 219
658 936
61 303
377 420
611 156
84 466
423 468
94 208
814 91
80 281
570 594
47 156
110 319
285 823
163 914
244 46
159 437
171 235
159 562
838 373
196 336

60 7989
251 746
611 229
84 420
326 823
163 549
61 134
371 406
106 125
407 823
335 47
754 793
838 793
244 366
73 336
733 686
196 319
371 625
204 366
651 594
292 469
754 513
98 252
545 373
846 936
184 17
587 140
611 156
705 728
186 344
208 134
53 469
159 336
84 233
371 312
126 513
658 988
233 151
239 375
49 151
326 91
318 344
530 469
37 151
163 823
530 187
838 93
489 777
712 280
329 676
752 416
84 559
893 572
135 118
159 202
796 373
846 104
159 235
61 252
204 137
12 336

60 8061
423 208
84 373
629 233
292 406
451 125
110 319
503 47
37 319
398 250
651 320
233 235
106 375
106 562
168 793
564 936
838 793
504 156
335 886
245 319
24 67
212 125
796 186
188 832
41 411
774 46
796 746
477 344
212 156
204 686
587 466
940 728
733 503
122 411
159 437
774 366
12 50
564 104
545 559
159 101
235 208
658 1040
570 777
208 252
670 513
692 640
133 344
168 839
326 91
204 503
292 62
529 91
265 250
159 286
846 468
377 793
86 252
186 500
42 839
80 406
171 50

70 9184
564 572
80 312
530 625
163 91
98 84
147 101
407 457
86 319
366 503
517 260
285 457
86 303
37 286
796 420
570 823
73 50
233 101
530 500
208 202
141 624
24 269
318 344
318 312
110 168
318 281
235 832
110 303
94 1040
461 420
285 777
251 93
133 469
529 686
705 936
73 134
712 653
448 869
335 326
184 219
41 731
184 84
651 183
27 531
204 91
705 1040
651 320
838 186
846 676
239 437
80 562
658 364
84 233
651 229
564 780
12 202
171 101
49 50
244 320
477 219
41 183
106 94
81 366
106 250
651 869
814 731
147 235
424 125
212 312
122 777
37 50

70 9389
733 686
159 50
799 156
377 47
285 229
377 140
122 869
163 869
135 303
196 235
98 67
80 344
733 823
208 319
251 653
292 312
503 932
210 373
461 932
251 47
210 746
135 235
733 777
159 156
424 125
477 594
371 250
292 469
530 344
73 168
24 286
398 156
12 336
133 594
611 624
366 731
171 34
159 62
587 746
73 101
398 312
208 202
204 914
329 52
774 594
37 303
186 281
265 375
424 500
171 34
774 411
265 187
651 686
133 281
212 31
235 988
41 914
670 280
282 468
204 366
712 606
141 156
251 699
24 252
239 187
94 884
245 101
799 260
503 559
329 364

70 9187
371 344
244 777
98 118
407 229
239 406
186 250
42 326
49 50
159 84
477 281
159 134
135 219
611 208
233 101
168 186
24 252
251 886
799 832
940 260
285 411
670 47
774 183
233 17
204 457
796 839
461 326
244 640
796 420
774 594
265 312
245 319
545 839
419 886
377 233
376 1040
282 1040
377 513
24 303
377 93
754 606
37 286
84 932
448 274
239 531
86 118
133 187
517 572
517 312
564 676
110 84
168 699
110 17
846 104
208 319
122 151
712 373
42 233
292 62
366 411
318 156
73 168
188 728
251 186
168 653
244 366
517 832
423 52
712 326
448 823
285 869

70 9454
265 125
94 156
163 274
94 780
94 52
504 156
24 252
611 137
53 344
752 364
940 312
658 208
335 233
122 219
658 364
292 594
163 229
210 513
529 320
265 375
335 326
670 932
940 312
564 104
27 312
122 84
477 625
846 572
204 229
893 1040
587 793
774 549
838 233
814 594
754 186
419 420
122 823
159 286
47 468
210 746
168 793
470 676
329 364
133 250
251 326
239 219
629 280
461 606
366 137
611 274
141 624
168 793
49 303
530 531
133 156
530 187
168 420
629 280
135 252
893 364
141 728
122 67
651 229
799 832
611 260
133 625
345 531
147 336
345 344
587 932

70 9862
147 67
423 832
292 250
251 886
398 562
285 366
448 183
126 93
53 187
940 988
366 229
461 746
670 47
282 260
41 731
814 46
318 250
407 731
239 125
570 640
188 780
265 562
282 728
80 62
86 67
470 312
141 520
712 699
239 94
141 884
235 884
168 47
245 67
477 469
37 202
799 1040
135 17
73 336
24 202
545 932
84 559
24 67
814 229
345 281
210 186
846 1040
41 46
122 303
329 1040
245 84
73 84
122 34
796 653
244 229
86 286
448 914
451 625
774 274
398 62
106 156
489 914
503 793
587 373
235 52
245 219
670 653
838 559
570 823
171 84
796 839

80 11432
239 344
799 728
489 869
754 932
517 936
796 793
419 699
796 186
651 366
292 31
220 303
489 823
366 594
752 52
712 466
163 137
285 823
210 746
398 531
398 156
233 235
210 373
42 886
163 914
587 93
376 208
141 468
98 84
98 134
733 183
752 676
611 137
712 466
53 500
86 101
106 94
366 640
670 932
133 625
133 375
196 151
461 47
293 839
188 520
42 466
705 156
376 780
73 286
12 269
470 520
196 17
208 101
754 513
53 375
208 134
658 832
171 303
210 420
838 373
233 168
345 187
658 468
611 624
49 252
754 839
171 168
530 562
186 562
799 312
799 312
86 118
658 624
42 420
335 513
371 344
752 52
110 17
893 676
448 823
210 513

80 11463
204 777
265 500
27 31
163 183
318 125
419 420
611 823
122 235
774 823
470 208
503 886
37 134
171 252
587 326
796 793
42 326
184 252
419 513
451 437
629 186
73 202
705 156
133 375
893 884
754 793
423 1040
705 260
517 624
41 320
186 156
448 366
239 469
147 336
448 503
265 562
489 320
517 780
504 281
220 101
503 326
41 274
186 156
84 746
37 252
451 406
84 466
135 286
282 312
503 793
196 219
326 823
611 274
529 777
204 137
188 728
733 366
245 168
326 503
204 274
135 84
208 269
376 156
545 932
285 823
106 187
940 572
292 125
651 914
423 468
159 219
570 46
251 420
159 406
292 375
398 437
570 731
220 235
461 886
345 281
407 777

80 10212
159 319
529 731
12 269
796 466
81 137
318 562
529 731
81 823
658 104
141 728
335 559
448 640
239 62
122 269
186 469
239 94
754 186
451 156
712 233
587 699
94 208
163 274
42 559
80 250
419 606
251 280
752 260
86 235
110 118
470 624
110 303
122 274
712 47
126 466
376 572
752 988
423 416
12 151
53 406
285 274
838 793
159 31
210 513
407 777
27 437
423 468
477 594
245 168
37 118
98 286
61 134
61 151
81 366
451 375
171 202
163 411
846 1040
49 252
80 562
611 46
220 34
461 699
570 46
208 319
159 185
477 312
81 549
366 777
133 469
61 185
564 208
27 62
133 94
651 640
377 186
329 676
814 640
204 411
53 312
419 559

80 9558
398 125
530 94
84 186
159 437
470 520
122 366
12 134
98 185
419 513
712 746
168 47
210 606
212 406
84 280
517 676
196 50
233 303
42 140
651 503
37 286
47 312
122 503
587 606
564 884
489 777
171 17
141 624
564 416
705 208
220 151
461 513
629 373
293 47
73 50
846 780
376 468
159 269
196 202
489 686
239 406
658 208
220 185
407 274
293 140
122 286
774 183
814 46
159 500
376 104
371 594
220 219
477 31
147 336
265 62
752 156
670 280
489 640
712 93
49 185
345 406
752 520
398 406
80 531
489 366
376 572
168 373
251 420
545 793
171 84
12 286
126 420
461 606
251 420
204 731
204 731
838 326
159 625
733 229
141 364
587 47

80 11364
692 274
168 932
126 326
940 468
846 208
47 780
377 466
282 468
163 869
564 312
366 640
326 91
159 17
196 185
489 137
24 67
233 252
12 67
42 839
366 320
133 62
159 286
94 884
285 229
517 780
37 235
159 319
53 250
12 286
504 594
285 731
171 336
212 125
106 187
712 280
141 988
774 914
106 469
705 468
126 373
371 406
398 531
292 312
651 869
611 411
282 728
611 549
419 606
477 62
80 437
705 1040
41 686
814 686
196 118
106 344
529 411
398 31
122 823
168 326
204 274
326 503
86 168
517 364
407 366
570 229
329 468
503 140
838 746
814 869
53 156
326 503
423 572
159 286
81 503
208 286
12 235
423 520
570 320
122 235
814 457

90 13292
838 420
846 156
126 466
24 168
53 219
94 208
611 312
49 151
159 94
658 468
49 202
407 640
94 416
106 625
204 777
126 932
398 250
345 94
712 746
168 233
233 50
159 594
106 437
212 531
752 884
670 746
774 229
517 988
41 594
329 520
53 281
41 686
517 624
235 1040
282 520
407 274
489 869
670 280
220 168
81 869
37 134
651 594
61 219
24 118
423 988
212 406
371 156
204 320
366 549
49 319
398 187
53 94
12 168
335 186
611 728
106 187
398 344
796 420
42 280
530 187
799 884
670 326
587 839
239 594
477 156
12 286
186 594
41 137
12 17
159 50
204 640
220 219
796 886
846 364
517 832
251 932
47 936
448 183
80 406
448 320
774 869
774 411
376 624
53 469
245 185
940 624
37 336
220 336
670 839
233 235

90 10718
670 93
489 183
12 336
184 303
86 202
86 219
504 437
80 469
318 625
251 513
159 594
265 250
692 46
251 186
893 832
329 208
122 151
318 156
49 17
371 531
159 219
106 62
188 156
335 186
754 373
27 94
235 884
204 91
196 34
419 559
135 252
838 513
796 93
846 260
587 93
171 235
477 531
208 252
94 1040
49 84
477 437
41 137
61 151
477 531
122 503
49 101
86 101
752 312
210 653
335 839
86 269
366 366
570 91
529 229
159 252
212 62
122 202
799 312
61 134
705 624
282 988
42 140
126 653
489 823
53 594
489 914
477 219
423 936
461 420
126 559
504 125
799 260
126 140
814 46
893 936
98 286
774 137
318 344
611 936
398 94
235 104
73 67
658 364
110 118
42 746
163 777
285 640
244 823
27 94
220 202

90 13389
285 777
244 366
24 101
461 373
570 46
658 52
448 46
424 594
611 457
345 531
285 457
846 728
126 793
692 731
81 549
517 728
846 988
846 364
244 594
196 118
204 869
424 344
245 319
251 233
489 137
106 469
265 281
629 466
489 594
503 420
419 653
84 47
419 513
159 168
692 366
210 513
239 469
81 411
282 832
81 411
799 312
110 151
545 280
503 886
423 104
545 653
235 624
796 886
407 640
233 151
251 140
377 513
398 562
658 624
329 156
423 1040
135 303
407 137
61 219
570 320
893 208
239 375
517 676
244 366
80 94
251 839
814 137
245 252
799 312
141 936
186 250
564 780
81 229
41 869
545 93
799 676
245 235
774 91
171 336
335 186
489 274
712 746
658 936
141 728
503 886
451 469
335 186
147 17
244 594
705 780

90 11037
570 503
611 260
210 326
285 229
503 513
184 252
126 513
846 1040
94 52
545 186
282 780
423 416
893 364
371 469
24 202
41 594
940 104
461 93
244 183
220 219
282 832
282 624
545 653
235 260
752 468
208 303
37 118
94 468
212 500
196 252
424 344
163 777
838 373
24 202
210 746
244 640
371 219
73 202
461 839
796 466
159 84
251 280
12 303
335 746
61 151
244 229
419 93
245 17
265 219
752 156
53 281
461 280
503 93
47 936
12 235
122 235
235 936
47 520
208 17
147 118
220 303
629 606
461 373
366 594
318 62
106 344
265 437
587 140
47 208
611 777
564 364
611 274
135 235
658 416
335 93
159 406
159 303
611 594
73 50
37 151
470 208
94 52
611 594
80 375
168 559
251 699
110 252
398 437
12 50
163 640

90 10371
611 364
470 52
53 219
489 914
477 156
73 84
799 728
292 219
461 93
658 364
940 260
61 269
171 219
658 104
587 653
265 281
799 936
84 653
814 229
184 269
651 137
733 366
106 406
345 437
799 936
245 17
135 168
504 375
37 118
893 520
86 17
705 572
712 559
366 274
799 312
398 406
329 312
293 746
135 185
285 320
754 746
186 344
244 91
893 416
345 250
133 94
24 101
47 572
733 229
705 104
754 280
110 202
371 31
419 93
371 594
233 67
893 104
122 235
184 219
377 466
80 562
80 281
371 62
84 746
84 47
159 235
285 503
49 17
37 101
424 625
796 839
110 134
98 319
335 746
419 93
345 281
754 653
545 373
423 624
133 437
940 520
448 914
204 686
171 134
12 336
451 156
159 235
98 185
188 624
235 156

100 13408
122 67
285 549
335 653
461 233
814 869
423 104
629 839
210 559
235 624
477 437
570 137
799 832
42 653
12 17
208 168
133 406
188 52
733 274
366 366
587 373
705 208
47 728
163 274
423 936
245 286
293 653
159 594
188 676
208 269
244 457
377 233
629 47
53 531
186 594
37 101
94 312
470 520
530 312
564 104
244 91
285 229
326 411
24 84
470 676
651 183
423 728
94 936
265 437
705 1040
80 94
629 280
135 151
629 466
186 406
84 280
12 151
366 503
774 503
53 187
893 624
529 91
517 832
376 52
629 839
846 260
208 84
529 731
163 549
489 366
12 50
838 606
570 137
94 156
461 932
245 17
477 62
893 520
545 233
564 312
658 520
530 219
80 437
135 185
366 549
326 457
122 84
98 286
61 118
419 326
37 185
712 886
419 326
282 780
12 336
292 437
377 186
407 457
461 559
366 640
733 914

100 13367
448 229
188 416
245 118
318 94
204 640
545 653
47 312
940 468
208 34
245 202
196 219
335 746
754 466
220 84
423 832
424 125
81 137
424 437
184 319
712 746
53 437
204 823
186 250
41 46
133 125
796 140
86 84
184 303
204 503
545 186
564 52
504 406
47 104
529 137
81 320
692 914
345 406
73 84
377 466
329 520
705 416
42 793
796 699
752 832
838 932
658 676
371 31
366 914
503 606
292 500
611 572
122 914
49 336
245 252
529 823
98 219
196 185
210 93
530 156
126 233
814 137
692 366
587 373
570 274
489 91
517 728
285 229
461 93
159 286
335 793
658 468
168 280
398 437
135 151
692 503
133 406
587 373
98 50
629 606
940 1040
712 280
282 312
41 869
814 640
168 793
651 46
141 260
245 67
220 168
126 886
461 653
940 416
461 326
47 416
564 1040
186 62
629 746
159 250
233 84
110 336

100 13653
141 780
752 728
754 886
517 780
212 531
733 229
24 50
611 104
893 416
81 457
489 229
163 640
184 84
42 420
106 250
692 183
80 156
796 839
27 437
517 624
587 233
371 625
846 312
335 233
398 281
49 202
424 31
245 269
477 500
893 520
239 94
53 156
122 366
49 50
658 156
424 625
423 104
419 932
135 235
86 67
799 364
49 168
86 134
293 886
293 793
135 286
282 312
692 869
545 699
49 252
186 281
233 319
168 280
265 344
42 373
470 572
470 780
424 250
53 250
517 1040
503 233
212 375
188 104
754 699
98 286
163 686
470 468
80 312
49 50
517 416
570 731
712 47
451 250
168 186
239 562
53 406
27 94
611 640
754 186
292 594
733 46
61 134
84 886
424 344
188 988
366 914
940 416
220 219
611 549
371 625
611 229
705 624
670 280
940 572
204 914
893 52
110 336
377 932
265 187
49 319

100 12731
489 503
106 562
893 676
477 531
159 281
53 312
611 777
371 219
122 366
371 406
163 777
204 731
570 411
658 416
712 513
27 562
84 886
208 235
84 93
419 233
796 699
651 777
84 326
774 183
530 406
61 50
244 640
470 936
122 274
651 457
461 793
424 406
470 884
329 312
796 839
73 269
110 84
611 312
61 118
42 186
12 50
424 31
73 50
504 62
419 326
244 137
86 101
196 269
61 185
147 336
611 457
651 914
670 233
171 34
545 326
774 411
159 344
122 252
451 344
504 437
163 457
186 562
159 375
184 17
42 233
838 420
168 746
398 312
285 91
611 366
212 187
504 250
212 375
292 31
210 47
94 364
366 549
122 411
245 168
448 594
796 373
285 274
529 46
712 653
184 50
564 988
239 281
106 281
251 93
448 366
587 746
106 250
530 469
570 274
12 269
122 50
424 562
893 468
188 520
235 884

100 12228
81 320
692 594
81 411
799 208
752 676
329 416
37 17
37 303
84 839
326 914
98 67
345 344
651 686
204 274
293 886
61 168
504 31
196 336
184 252
244 137
47 156
12 202
73 101
940 884
838 140
171 219
651 411
184 185
171 202
122 17
545 466
265 156
587 140
940 52
41 229
517 208
244 869
265 31
814 183
629 653
292 375
517 832
168 466
651 366
235 312
122 286
184 34
122 731
318 562
366 137
81 366
110 34
245 235
159 202
133 281
42 746
611 520
570 229
220 319
292 437
106 562
122 366
282 208
159 17
292 500
73 67
171 252
73 67
245 118
477 62
147 50
53 281
587 559
53 250
73 303
407 686
504 625
529 869
419 839
752 728
47 260
692 594
345 281
98 151
204 869
530 62
37 151
477 62
503 513
208 303
504 375
245 219
196 151
570 823
210 140
814 731
424 500
168 932
529 731
705 572

